Breslau  (60,451)  (100,451)  (60,489)  (100,489)
Brest  (960,461)  (1000,461)  (960,499)  (1000,499)
Bydgoszcz  (265,216)  (305,216)  (265,254)  (305,254)
Czestochowa  (435,611)  (475,611)  (435,649)  (475,649)
Danzig  (100,36)  (140,36)  (100,74)  (140,74)
Deblin  (750,566)  (790,566)  (750,604)  (790,604)
Frankfurt Oder  (50,331)  (90,331)  (50,369)  (90,369)
Gdynia  (280,36)  (320,36)  (280,74)  (320,74)
Grudziadz  (435,111)  (475,111)  (435,149)  (475,149)
Kalisz  (280,431)  (320,431)  (280,469)  (320,469)
Katowice  (255,581)  (295,581)  (255,619)  (295,619)
Kielce  (525,681)  (565,681)  (525,719)  (565,719)
Krakow  (310,691)  (350,691)  (310,729)  (350,729)
Kutno  (505,381)  (545,381)  (505,419)  (545,419)
Lodz  (460,451)  (500,451)  (460,489)  (500,489)
Lublin  (900,571)  (940,571)  (900,609)  (940,609)
Lukow  (860,481)  (900,481)  (860,519)  (900,519)
Lwow  (960,711)  (1000,711)  (960,749)  (1000,749)
Marienwerder  (60,126)  (100,126)  (60,164)  (100,164)
Modlin  (700,351)  (740,351)  (700,389)  (740,389)
Oppeln  (90,571)  (130,571)  (90,609)  (130,609)
Piotrkow  (500,531)  (540,531)  (500,569)  (540,569)
Plock  (660,271)  (700,271)  (660,309)  (700,309)
Poznan  (230,326)  (270,326)  (230,364)  (270,364)
Radom  (670,516)  (710,516)  (670,554)  (710,554)
Sandomierz  (660,631)  (700,631)  (660,669)  (700,669)
Schneidemuhl  (45,226)  (85,226)  (45,264)  (85,264)
Siedlce  (880,401)  (920,401)  (880,439)  (920,439)
Tarnow  (600,711)  (640,711)  (600,749)  (640,749)
Tczew  (245,126)  (285,126)  (245,164)  (285,164)
Teschen  (125,691)  (165,691)  (125,729)  (165,729)
Torun  (480,201)  (520,201)  (480,239)  (520,239)
Warsaw  (730,431)  (770,431)  (730,469)  (770,469)
Wloclawek  (465,296)  (505,296)  (465,334)  (505,334)
Zamosc  (930,661)  (970,661)  (930,699)  (970,699)
