Breslau  <  (188,439) (194,505) (20,549) (20,415) (162,403) >
Brest  <  (938,528) (926,469) (1004,365) (1004,564) >
Bydgoszcz  <  (392,218) (394,252) (366,321) (176,261) (174,212) (363,171) >
Czestochowa  <  (439,743) (363,625) (378,540) (381,537) (431,544) (531,625) >
Danzig  <  (210,72) (172,132) (20,64) (20,20) (210,20) >
Deblin  <  (808,732) (708,595) (756,518) (801,511) (846,569) (842,666) >
Frankfurt Oder  <  (162,403) (20,415) (20,300) (158,293) >
Gdynia  <  (359,130) (210,72) (210,20) (413,20) >
Grudziadz  <  (656,86) (392,218) (363,171) (359,130) (413,20) (703,20) >
Kalisz  <  (398,390) (381,537) (378,540) (198,510) (194,505) (188,439) (370,352) >
Katowice  <  (363,625) (238,688) (190,632) (198,510) (377,540) >
Kielce  <  (439,743) (531,625) (590,615) (606,657) (569,748) (440,748) >
Krakow  <  (238,688) (363,625) (439,743) (440,748) (238,748) >
Kutno  <  (620,370) (631,439) (599,478) (567,476) (434,391) (585,320) >
Lodz  <  (431,544) (381,537) (398,390) (434,391) (567,476) >
Lublin  <  (842,666) (846,569) (938,528) (1004,564) (1004,612) >
Lukow  <  (938,528) (846,569) (801,511) (827,444) (926,469) >
Lwow  <  (1004,682) (1004,748) (893,748) >
Marienwerder  <  (172,210) (20,187) (20,64) (172,132) >
Modlin  <  (814,380) (649,442) (631,439) (620,370) (849,256) >
Oppeln  <  (198,510) (190,632) (20,681) (20,549) (194,505) >
Piotrkow  <  (609,586) (590,615) (531,625) (431,544) (567,476) (599,478) >
Plock  <  (849,256) (620,370) (585,320) (580,281) (656,86) (703,20) (988,20) >
Poznan  <  (370,352) (188,439) (162,403) (158,293) (176,261) (366,321) >
Radom  <  (708,595) (609,586) (599,478) (631,439) (649,442) (756,518) >
Sandomierz  <  (606,657) (590,615) (609,586) (708,595) (808,732) (806,748) (727,748) >
Schneidemuhl  <  (174,212) (176,261) (158,293) (20,300) (20,187) (172,210) >
Siedlce  <  (926,469) (827,444) (814,380) (849,256) (988,20) (1004,20) (1004,365) >
Tarnow  <  (606,657) (727,748) (569,748) >
Tczew  <  (363,171) (174,212) (172,210) (172,132) (210,72) (359,130) >
Teschen  <  (20,681) (190,632) (238,688) (238,748) (20,748) >
Torun  <  (580,281) (394,252) (392,218) (656,86) >
Warsaw  <  (827,444) (801,511) (756,518) (649,442) (814,380) >
Wloclawek  <  (585,320) (434,391) (398,390) (370,352) (366,321) (394,252) (580,281) >
Zamosc  <  (808,732) (842,666) (1004,612) (1004,682) (893,748) (806,748) >
