Huy  (247,92)  (293,92)  (247,138)  (293,138)
Andenne  (407,107)  (453,107)  (407,153)  (453,153)
Namur  (567,127)  (613,127)  (567,173)  (613,173)
Havelange  (437,247)  (483,247)  (437,293)  (483,293)
Ciney  (627,262)  (673,262)  (627,308)  (673,308)
Dinant  (737,262)  (783,262)  (737,308)  (783,308)
Durbuy  (327,327)  (373,327)  (327,373)  (373,373)
Marche  (512,387)  (558,387)  (512,433)  (558,433)
Rochefort  (677,407)  (723,407)  (677,453)  (723,453)
Givet  (877,367)  (923,367)  (877,413)  (923,413)
Erezee  (277,477)  (323,477)  (277,523)  (323,523)
La Roche  (407,502)  (453,502)  (407,548)  (453,548)
Hotton  (507,512)  (553,512)  (507,558)  (553,558)
Nassogne  (627,537)  (673,537)  (627,583)  (673,583)
Wellin  (767,497)  (813,497)  (767,543)  (813,543)
Beauraing  (877,497)  (923,497)  (877,543)  (923,543)
St. Vith  (207,657)  (253,657)  (207,703)  (253,703)
Vielsalm  (317,627)  (363,627)  (317,673)  (363,673)
Houffalize  (437,662)  (483,662)  (437,708)  (483,708)
Bastogne  (557,697)  (603,697)  (557,743)  (603,743)
Saint-Hubert  (677,677)  (723,677)  (677,723)  (723,723)
Neufchateau  (827,717)  (873,717)  (827,763)  (873,763)
Bertrix  (967,677)  (1013,677)  (967,723)  (1013,723)
Losheim Gap  (227,842)  (273,842)  (227,888)  (273,888)
Clervaux  (407,827)  (453,827)  (407,873)  (453,873)
Wiltz  (537,827)  (583,827)  (537,873)  (583,873)
Martelange  (677,847)  (723,847)  (677,893)  (723,893)
Libramont  (817,847)  (863,847)  (817,893)  (863,893)
Blankenheim  (157,1017)  (203,1017)  (157,1063)  (203,1063)
Prum  (357,1007)  (403,1007)  (357,1053)  (403,1053)
Bitburg  (567,1017)  (613,1017)  (567,1063)  (613,1063)
Vianden  (667,952)  (713,952)  (667,998)  (713,998)
Echternach  (797,1027)  (843,1027)  (797,1073)  (843,1073)
