Huy  <  (320,115) (295,158) (245,158) (220,115) (245,72) (295,72) >
Andenne  <  (480,130) (455,173) (405,173) (380,130) (405,87) (455,87) >
Namur  <  (640,150) (615,193) (565,193) (540,150) (565,107) (615,107) >
Havelange  <  (510,270) (485,313) (435,313) (410,270) (435,227) (485,227) >
Ciney  <  (700,285) (675,328) (625,328) (600,285) (625,242) (675,242) >
Dinant  <  (810,285) (785,328) (735,328) (710,285) (735,242) (785,242) >
Durbuy  <  (400,350) (375,393) (325,393) (300,350) (325,307) (375,307) >
Marche  <  (585,410) (560,453) (510,453) (485,410) (510,367) (560,367) >
Rochefort  <  (750,430) (725,473) (675,473) (650,430) (675,387) (725,387) >
Givet  <  (950,390) (925,433) (875,433) (850,390) (875,347) (925,347) >
Erezee  <  (350,500) (325,543) (275,543) (250,500) (275,457) (325,457) >
La Roche  <  (480,525) (455,568) (405,568) (380,525) (405,482) (455,482) >
Hotton  <  (580,535) (555,578) (505,578) (480,535) (505,492) (555,492) >
Nassogne  <  (700,560) (675,603) (625,603) (600,560) (625,517) (675,517) >
Wellin  <  (840,520) (815,563) (765,563) (740,520) (765,477) (815,477) >
Beauraing  <  (950,520) (925,563) (875,563) (850,520) (875,477) (925,477) >
St. Vith  <  (280,680) (255,723) (205,723) (180,680) (205,637) (255,637) >
Vielsalm  <  (390,650) (365,693) (315,693) (290,650) (315,607) (365,607) >
Houffalize  <  (510,685) (485,728) (435,728) (410,685) (435,642) (485,642) >
Bastogne  <  (630,720) (605,763) (555,763) (530,720) (555,677) (605,677) >
Saint-Hubert  <  (750,700) (725,743) (675,743) (650,700) (675,657) (725,657) >
Neufchateau  <  (900,740) (875,783) (825,783) (800,740) (825,697) (875,697) >
Bertrix  <  (1040,700) (1015,743) (965,743) (940,700) (965,657) (1015,657) >
Losheim Gap  <  (300,865) (275,908) (225,908) (200,865) (225,822) (275,822) >
Clervaux  <  (480,850) (455,893) (405,893) (380,850) (405,807) (455,807) >
Wiltz  <  (610,850) (585,893) (535,893) (510,850) (535,807) (585,807) >
Martelange  <  (750,870) (725,913) (675,913) (650,870) (675,827) (725,827) >
Libramont  <  (890,870) (865,913) (815,913) (790,870) (815,827) (865,827) >
Blankenheim  <  (230,1040) (205,1083) (155,1083) (130,1040) (155,997) (205,997) >
Prum  <  (430,1030) (405,1073) (355,1073) (330,1030) (355,987) (405,987) >
Bitburg  <  (640,1040) (615,1083) (565,1083) (540,1040) (565,997) (615,997) >
Vianden  <  (740,975) (715,1018) (665,1018) (640,975) (665,932) (715,932) >
Echternach  <  (870,1050) (845,1093) (795,1093) (770,1050) (795,1007) (845,1007) >
